01011001001011110111110000110111010101110100101001011000001011100011111001100100000000000000000000000000000000000
00100110010101100100001100101100010001100101111101100111001010110011000001110000000000000000000000000000000000000
01101101010000110100010001011110001011110100111001011010011011100111111001100100000000000000000000000000000000000
01000101001111100010011000111001011100100101001001111011001110010011100001010010000000000000000000000000000000000
01111100001111010010100101000100011001100101110100101000010110100110101101011000000000000000000000000000000000000
01111100001110110100010001010101010100000101011100111110011011110110101001100101000000000000000000000000000000000
01011011010110000100101100111101010001100100011101101000010010100011010000101010000000000000000000000000000000000
00110111011010100011010000110010001101100010110001000011001101010100111101001001000000000000000000000000000000000
00111101001110110010111101001101001110000101010100111000010110110101010000110001000000000000000000000000000000000
01001010001100110111111001101111010011110100001000100111001011110110110101111001000000000000000000000000000000000
