01011001001011110111110000110111010101110100101001011000001011100011111001100100000000000000000000000000000000000
00100110010101100100001100101100010001100101111101100111001010110011000001110000000000000000000000000000000000000
01101101010000110100010001011110001011110100111001011010011011100111111001100100000000000000000000000000000000000
01000101001111100010011000111001011100100101001001111011001110010011100001010010000000000000000000000000000000000
01111100001111010010100101000100011001100101110100101000010110100110101101011000000000000000000000000000000000000
01111100001110110100010001010101010100000101011100111110011011110110101001100101000000000000000000000000000000000
01011011010110000100101100111101010001100100011101101000010010100011010000101010000000000000000000000000000000000
00110111011010100011010000110010001101100010110001000011001101010100111101001001000000000000000000000000000000000
00111101001110110010111101001101001110000101010100111000010110110101010000110001000000000000000000000000000000000
01001010001100110111111001101111010011110100001000100111001011110110110101111001000000000000000000000000000000000
010110010010111101111100001101110101011101001010010110000010111000111110011001000000000000000000000000000000000
001001100101011001000011001011000100011001011111011001110010101100110000011100000000000000000000000000000000000
011011010100001101000100010111100010111101001110010110100110111001111110011001000000000000000000000000000000000
010001010011111000100110001110010111001001010010011110110011100100111000010100100000000000000000000000000000000
011111000011110100101001010001000110011001011101001010000101101001101011010110000000000000000000000000000000000
01100110011101010110001101101011001000000111010101101111001000000111000001101001011001010110001101100101001000000110111101100110001000000111001101101000011010010111010000001010000000000
00001010011000100110110001111001011001100000100000011111000000001110111100101100001011011000110111001101111001000000111101001101000011001010010000000100000000011000000000000000000000000
0000101001101110011010010110100001110101011010100110000100100000011011100110000101100101011000100110000101101100011011110111011001101111000010100000
000010100110100101101100011010010010000001101110011001010111010000100000011000100110110001111001011000010111010000100000000011111100000000110100000011010100110110101110101001000000111001101110101011010110110000100001010000
0000101001101110011101010010000001100000000011100001111100000000101111111110010000001110000011010010111101001100100011001010110001100001010000000000
0110100000111000000000000000000000000
0110100000111000000000000000000000000
00001010011000110110100001110010000010100000000000000000000000000000000000
00001010011001100110000101110011000010100000000000000000000000000000000000
0000101001100100011000010111001101100110011000010111001101100110011001000111001101100001011001100110010001100001011100110000101000000000000000000000
0111010101100101011000100110100101110011011010000110010100100000011001010110001001110101011000110110100001100101011001010110010100001010000000000000
0000101001110000011010010111101001100100011110010010000001100100011000010110110100100000011101000111011101100001011100100010011100100000011010110110111101101110011000110110100001100101011011100110000101101010011000010010000001100101011100110110110001101001001000000110111101110011011010000110100101100010011001010111001101101000011101010000000011000000000000000000000000
00001010011011100111010100100000011101100111001101100101001000000111010001100101011000100110010100100000011100000110100101111010011001000110000100001010000000000000000000000000000000000
00001010011010110110111101110010011011110110001101101000011001010010000001110000011011110111001101101000011001010110110000100000011011100110000101101000011101010110101000100000011011110110111000100000011011100110000100100000011100000111001001100101011100000111001100000011000000000000000000000000
0000101001110011011010110110111101101100011010110110111100100000011100110110101101101111011011000110101101101111001000000111001101101011011011110110110001101011011011110010000001110011011010110110111101101100011010110110111100100000011100110110101101101111011011000110101101101111001000000111001101101011011011110110110001101011011011110000101000000000000000000000000000
00001010011100110110101101101111011011000110101101101111001000000111001101101011011011110110110001101011011011110010000001110011011010110110111101101100011010110110111100100000011100110110101101101111011011000110101101101111001000000111001101101011011011110110110001101011011011110010000001110011011010110110111101101100011010110110111100100000011100110110101101101111011011000110101101101111001000000111001101101011011011110110110001101011011011110010000001110011011010110110111101101100011010110110111100100000011100110110101101101111011011000110101101101111001000000111001101101011011011110110110001101011011011110010000001110011011010110110111101101100011010110110111100100000011100110110101101101111011011000110101101101111001000000000
0110011001100110011110011000010100000
00001010011001100110010001110011011000010000101000000000000000000000000000
00001010011001100110010001110011000010100000000000000000000000000000000000
00001010011001100110010001110011000010100000000000000000000000000000000000
00001010011100010111011101100101011101011000000011000000000000000000000000
00001010011100010111011101100101011101011000000011000000000000000000000000
00001010011100010111011101100101011101110111001001110100011110010000101000
000010100110101001100001001000000111001001101001011011000010000001101110011010010110100001110101011010100110000100100000011011100110010100100000011100000110111101101110011010010110110101100001011010100111010100001010000000
00001010011101000111100100100000011011100110111101110010011011010110000101101100011011100110100101111001001000000110100101101100011010010010000001101110011001010111010000100000011100110111010101101011011000010010000001101111011000100110101001100001011100110110111001101001000010100000000000000000
000010100110111001110101001000000111011001101111011101000010000001101011011100100110000101110011011000010111011001100011011010000110100101101011001000000111010001100001011010110010000001101001001000000111000001110010011011110110010001101111011011000111101001101000011000010111100100100000011010010110110001101001001000000111000001101001011110100110010001111001001000000111011001110011011101000110000101110110011011000111010100100000011000110110100001110100011011110010000001100001011000110011110101101000011101010110010101100101011100110110100000001010000
00001010011011010110111101111010011010000110010101110100001000000110010101110100011011110010000001110011011101100110010101110100001000000111000001101111011101100110110001101001011000010110110000100000011010010110110001101000001101000000111110000000010010110110110110001110101011000110110100001100101001000000110111001100001011100110111010001110010011011110110100101101100001000000110111001101111001000000110000101101110011110010111011101100001011110010010000001110100011000010110110100100000011101100111001101100101001000000110111001100001001000000110101101101111011100110111010001111001011010010110010011000000000000000000000000
000010100110111001110101001000000111011001101111011101000010000001101011011100100110000101110011011000010111011001100011011010000110100101101011001000000111010001100001011010110010000001101001001000000111000001110010011011110110010001101111011011000111101001101000011000010111100100100000011010010110110001101001001000000111000001101001011110100110010001111001001000000111011001110011011101000110000101110110011011000111010100100000011000110110100001110100011011110010000001100001011000110011110101101000011101010110010101100101011100110110100000001010000
011011010110111101111010011010000110010101110100001000000110010101110100011011110010000001110011011101100110010101110100001000000111000001101111011101100110110001101001011000010110110000101101000011000000110010000101011000111000000111101100010011100000010110111001001101111011010010110110000100000011011100110111100100000011000010110111001111001011101110110000101111001001000000111010001100001011011010010000001110110011100110110010100100000011011100110000100100000011010110110111101110011011101000111100101101100011000110000010011000000000000000000000000
00001010011011010110111101111010011010000110010101110100001000000110010101110100011011110010000001110011011101100110010101110100001000000111000001101111011101100110110001101001011000010110110000100000011010010110110001101000001101000000111110000000010010110110110110001110101011000110110100001100101001000000110111001100001011100110111010001110010011011110110100101101100001000000110111001101111001000000110000101101110011110010111011101100001011110010010000001110100011000010110110100100000011101100111001101100101001000000110111001100001001000000110101101101111011100110111010001111001011010010110010011000000000000000000000000
01101001011011000110100100100000000010100000000000000000000000000000000000
000010100111010001101111011001110110010001100001001000000111000001101111011000110110100001100101011011010111010100100000011101000111100100100000011000100110110001111001011000010111010000100000011010000111010101101010011011100110010101101010001000000111001101110100011100100110000101100100011000011101100000011000000000000000000000000
000010100110111001110101001000000111010001111001001000000110010101100010011011000110000101101110001000000111000001100001011100100110000101110011011001000000100100111110000000011011011110000100000011001010110001001100001011000001100000100111100000000111111000000101100011011100100110111101110000011010000110111101101110011001010010000001110011011101010110101101100001001000000110001001101100011110010110000101110100000010100000000000000000000000
0000101001101110011101010010000001110100011110010010000001100101011000100110110001100001011011100010000001110000011000010111001001100001011100110110100001100001001000000110010001101001011100110110001101101111011100100110010000000100100111111000000001100000110011011110111010000100000011011010110100101100011011100100110111101110000011010000110111101101110011001010010000001110011011101010110101101100001001000000110001001101100011110010110000101110100000010100000000000000000000000
00001010011011100111010100100000011101000111100100100000011001010110001001101100011000010110111000100000011100000110000101110010011000010111001101101000011000010010000001100100011010010111001101100011011011110111001001100100001000000110010101100010011000010110110000100000011101100010000001110010011011110111010000100000011011010110100101100011011100100110111101110000011010000110111101101110011001010010000001110011011101010110101101100001001000000110001001101100011110010110000101110100000010100000000000000000000000
0000101001101110011101010010000001110100011110010010000001100101011000100110110001100001011011100010000001110000011000010111001001100001011100110110010000001001001111100000000110110111100001000000110010101100010011000010110110000100000011101100010000001110010011011110111010000100000011011010110100101100011011100100110111101110000011010000110111101101110011001010010000001110011011101010110101101100001001000000110001001101100011110010110000101110100000010100000000000000000000000
01100110011001110110010001110011011001100110010001110011011001110000101000
0000101001110100011000010110101100100000011101000110010101110000011001010111001000100000011001000110110001101001011011100110010101100101001000000111001101110101011010110110000100100000011110100110000101100101011000100110000101101100000010100000000000000000000
000010100110111101101110001000000110111001100101001000000110110101101111011110100110100001100101011101000010000001110011011101010110101101100001001000000111001101101011011000010110001001101001011110010010000001100010011011000111100101100001011101000010000001101011011000010110101100100000011110100110100001100101001000000110110101101110011001010010000001101110011001010010000001110101011001000110111101100010011011100110111100100000011100000110010101100011011010000110000101110100011000010111010000100111001000000111001101110101011010110110000100100000011101100010000001110010011011110111010000100000011001010110001001100001011011000010000001101101011000010110110101
00001010011100000110010101100011011010000110000101110100011000010111100101110101001000000110001101101000011101000110111100101101011101000110111100100000011100110111010101101011011000010010000001100001001000000111010001111001001000000110010101100010011011000110010101110100001000000111101001100001011010110111001001101111011110010010000001110000011011110111101001101000011000010110110001110101011110010111001101110100011000010010000000110011001101110011000000110000001000000110100101101110011011100010000001110100011011110111010001100001011011000010000001100100011101010110110101100001011110010111010100001010000000000000000000000
000010100110100001100111011001100110010000100000011010000110011101100110001000000110010001100111011010000110011001100100001000000110100001100111011001100110010001101000001000000110011101100110011001000010000001101000011001100110010001100111011010000010000001111000100000000011110000000011010010001110110011001101000001000000110011101100110011010000010000001100100011001100010000001101000011001100110011101100100011001110010000001100100011001100010000001101000011001100110010001101000001000000110011001100100011001110110100000100000011001100110011101100100000011100001100000010101000111011100011000000000101101001111000000111000001000000000110000000000000000000000000
000010100111101001100011001000000110011001110011011001000010000001110011011101010110101101100001001000000111001101110101011010110110000100100000011000010010000001101011011100110111010001100001011101000110100100100000011011010110111101111010011010000110010101100000100000000011110000000011000000101010110111101111010011010000110010101110100001000000110100100100000011011100110010101110100001000000110111101101011011000010111100100100000011010110110000101110000011010010111010001100001011011100010000001100100011001010111001100000011000000000000000000000000
